48
24
[0,0,0]
[0,0,0]
[0,0,0]
[0,0,0]
[0,0,0]
[0,0,0]
[0,0,0]
[0,0,0]
[0,0,0]
[0,0,0]
[0,0,0]
[0,0,0]
[0,0,0]
[0,0,0]
[0,0,0]
[0,0,0]
[0,0,0]
[0,0,0]
[0,0,0]
[0,0,0]
[0,0,0]
[0,0,0]
[0,0,0]
[0,0,0]
[0,0,0]
[0,0,0]
[0,0,0]
[0,0,0]
[0,0,0]
[0,0,0]
[0,0,0]
[0,0,0]
[0,0,0]
[0,0,0]
[0,0,0]
[0,0,0]
[0,0,0]
[0,0,0]
[0,0,0]
[0,0,0]
[0,0,0]
[0,0,0]
[0,0,0]
[0,0,0]
[0,0,0]
[0,0,0]
[0,0,0]
[0,0,0]
[0,0.11556,0]
[0,0.455729,0]
[0,1.010742,0]
[0,1.770833,0]
[0,2.726237,0]
[0,3.867187,0]
[0,5.183919,0]
[0,6.666667,0]
[0,8.305665,0]
[0,10.091145,0]
[0,12.013347,0]
[0,14.062501,0]
[0,16.228842,0]
[0,18.502602,0]
[0,20.874023,0]
[0,23.333335,0]
[0,25.870769,0]
[0,28.476561,0]
[0,31.140957,0]
[0,33.854167,0]
[0,36.606447,0]
[0,39.388021,0]
[0,42.189126,0]
[0,45.000001,0]
[0,47.810873,0]
[0,50.611982,0]
[0,53.393559,0]
[0,56.145839,0]
[0,58.859053,0]
[0,61.523434,0]
[0,64.129234,0]
[0,66.666662,0]
[0,69.125988,0]
[0,71.497396,0]
[0,73.771159,0]
[0,75.937497,0]
[0,77.986649,0]
[0,79.908869,0]
[0,81.694342,0]
[0,83.333342,0]
[0,84.81608,0]
[0,86.132811,0]
[0,87.27378,0]
[0,88.229174,0]
[0,88.989251,0]
[0,89.544272,0]
[0,89.884443,0]
[0,90.000003,0]
